.Random.seed <-
c(10403L, 10L, -796111999L, 1009214227L, -1850209086L, 1843341172L, 
977521527L, -603370387L, -808426748L, 346323498L, -1490479211L, 
440245295L, 1134769462L, 161643872L, -1735279709L, 849501377L, 
-2097685328L, -1733264434L, 126967609L, -2129019061L, 1521601786L, 
-1412475396L, 1696482879L, -1923794155L, 831821868L, 1522436354L, 
698409437L, 738803927L, 815598526L, 292322808L, 672672219L, 1465002041L, 
547721608L, -870662858L, -357054607L, 490354083L, 1381099762L, 
655742020L, 1292209927L, -1579696419L, -896630828L, 48328442L, 
666874437L, -818175329L, -19673050L, 1163211952L, 298407251L, 
-1871802255L, -65933920L, 1632231742L, -1437429687L, 145872123L, 
1509620938L, -822410708L, -1985153489L, -1436993819L, -27296868L, 
-920187406L, -162015123L, -1062391385L, -1291107378L, 253389096L, 
-1873044693L, -652199607L, 2113941080L, 1467555590L, -397391135L, 
-1447215501L, -82745630L, 139090516L, -1263951017L, 610993997L, 
596941540L, 2133549770L, -1261700299L, -754699889L, -1242642794L, 
-1509595584L, -455942397L, -2120788191L, -2054160368L, 97081326L, 
-880273511L, -328159189L, 930727194L, 410208220L, 724470239L, 
-225768011L, -765519028L, -1902855774L, 1457944829L, 1838294519L, 
1503666974L, 1277894104L, -866306245L, 545857753L, -1433654168L, 
930992534L, -494005999L, 1461469891L, -343622958L, 419842916L, 
607288999L, -1734940675L, -165928460L, -1470607654L, 559018021L, 
-2105606849L, 1890456262L, -1134215344L, -1739743373L, 855204241L, 
222409664L, -1302096482L, 1734616937L, 286860187L, -776435030L, 
1201808588L, 612474255L, 2119481797L, 1717550460L, -1086306862L, 
-1206124211L, 1627096071L, 647443438L, 304913096L, -164506165L, 
1170001961L, 1925379704L, 1349129126L, -400853567L, -2042949037L, 
1031264514L, 143790132L, -1177327177L, 424181165L, -1547200828L, 
1099184874L, -1783775915L, 2100458223L, -651570954L, -160927712L, 
-1998417437L, 171176577L, -2091426576L, -863923314L, 745204985L, 
-2031970677L, -967481670L, 990505404L, 535010047L, 59448917L, 
-1084675732L, 1154644418L, 1883697693L, -529388905L, -1009114114L, 
-1864368200L, -146164837L, 1631656441L, -407492280L, -585608074L, 
-1763442255L, -342790173L, -1596560206L, -803397372L, 1082100295L, 
-742314723L, 107731860L, 462671674L, 1800090501L, 1418143839L, 
1930812134L, -1569971856L, -1181619565L, -2030054607L, -376663584L, 
106423934L, 484478217L, -1671078085L, 1412527882L, 784361196L, 
1422480239L, 310846629L, -1035659684L, -438968782L, 544144685L, 
1122315239L, 1964886798L, -1945604888L, -386578709L, -2037618807L, 
1900286744L, -2123684282L, 708097697L, 901962035L, 2020931746L, 
949204884L, 360666647L, -1890614771L, 1375737636L, 345658122L, 
-1780048267L, 1956699599L, 2118518486L, -443676032L, -264080189L, 
1819144801L, -414332208L, 783936558L, -166018599L, 1088560619L, 
1013020762L, -492848612L, -280945889L, -1654206603L, -1329588724L, 
-285454366L, 1040594109L, 86864695L, 1445387230L, -1246848744L, 
-1349653381L, 1395675673L, -173829464L, 1432860758L, 14128337L, 
45478019L, 1015382802L, 459771388L, 535405490L, 608817648L, 836809156L, 
-754327208L, -30571142L, 1746592176L, 1155084220L, 426606676L, 
1730921410L, -149070816L, 2011651260L, 1080640080L, 2028734434L, 
1300082280L, -198755764L, -1167269636L, -1744678926L, -185903872L, 
-909635724L, -2045603832L, -1728213574L, -2004089392L, 1994193900L, 
-1926082668L, 1787290578L, -2012121248L, 819498316L, -272532192L, 
765207426L, -520109336L, -1398135572L, 1286222396L, 52007794L, 
-1819317648L, 1365721124L, -341536968L, -395758438L, 1466407632L, 
759695548L, -1784056172L, -932344190L, 1266724032L, 1045414204L, 
-1604626288L, -1932594654L, 1453764104L, 46360844L, 1951513244L, 
1570158098L, -745847424L, -2012887532L, 513130024L, -903416518L, 
1618405328L, -1740594580L, 214945588L, -93107566L, 1100786016L, 
801036620L, 2020179936L, -1355880542L, -1926369368L, 1083413388L, 
1831302844L, -1317692558L, 202897648L, 1086533700L, 400403800L, 
235856954L, -116974736L, 154774588L, 1028354836L, -201514558L, 
1903460576L, -35993732L, 861554384L, -2041293150L, 1126591528L, 
2084532492L, 1115175868L, -126329550L, -1036494912L, 388186676L, 
-344998968L, -859740998L, 447565712L, -921371156L, -2037227436L, 
2017808018L, -638405856L, 227694028L, 122567648L, 1146055362L, 
2099456552L, 5179052L, 609807036L, 223738354L, 875653424L, 2146852004L, 
-1978856776L, -907005094L, 1407145360L, -457326212L, -1281608428L, 
-1468665534L, -1352729856L, -1239802948L, 14263120L, 947607842L, 
-342721208L, -186284020L, -669745060L, 777366738L, 711870464L, 
767900500L, -313644568L, 1895833594L, -970039600L, -1114082004L, 
328110324L, 444528530L, -1462854560L, 1005726988L, 558595808L, 
1031576930L, -385879384L, 1348430412L, 1795049340L, -385221838L, 
-1367300496L, 1417710916L, 1787632600L, 1799692410L, 444610096L, 
1925812924L, 1672947540L, 900354626L, 2080805792L, -796004164L, 
469879248L, 1134163298L, 2100181992L, -110624820L, -1138469124L, 
-1063460878L, 956902528L, 112851188L, -288533368L, 442590522L, 
36299600L, 1229524076L, -1452584812L, -242828974L, 2062730976L, 
-455147316L, 527986848L, 680128898L, 1284894952L, -1752817428L, 
243630140L, -1048493966L, 154118256L, -129902044L, -1625128392L, 
-1234939366L, -748521264L, 1709495868L, -1729506156L, 1009476738L, 
-1264537664L, -460155588L, 1576232592L, -688276446L, 1733937160L, 
211088524L, -587839460L, -1018215278L, -1091470208L, 1247198228L, 
-584969432L, 1490078778L, 1016724688L, -1574712212L, -935381324L, 
1238753298L, -797524000L, -1123781684L, 1922053600L, -1826587614L, 
-609716952L, -2056068852L, -1406050756L, 1454331122L, -573433616L, 
2057865028L, -1211678632L, -466306502L, -1061852944L, 1293398716L, 
2609684L, 1223904450L, -1189386656L, -1825000068L, 1901677776L, 
571382818L, 2118043816L, 863108492L, 1018112444L, 71178290L, 
-1287881920L, -770128204L, 204665160L, -275897670L, 799037200L, 
-957855508L, -998385580L, 1584099090L, -1919352416L, -767389748L, 
982407008L, 1392882882L, 571924008L, 1697958316L, -129313988L, 
996340594L, -438347984L, 226407292L, -33382419L, 1284724887L, 
-242662560L, -692591810L, 1720200203L, 327355533L, -1520595526L, 
781460472L, -1648312415L, -1399826093L, -1874274188L, 499657218L, 
-180747113L, 878552673L, 171470502L, -1837033820L, 1398948693L, 
-16588801L, 567475864L, -1137458250L, 1348175939L, -171146875L, 
-1201470942L, -1732335344L, -478013255L, -618447509L, -1631394724L, 
-952759926L, -416572033L, -249081655L, 777725278L, 180950540L, 
-1870968355L, -92268313L, -1800889072L, -1315441618L, 586033883L, 
871168957L, -860080854L, -686151224L, 900871921L, 1070569571L, 
-1157948316L, -1365225582L, 1140376679L, 1428458545L, -1763666570L, 
2137518740L, -1061810011L, -533822033L, 1470185064L, 2128365126L, 
1181336563L, 1381688149L, 750210354L, 1612005632L, 822835689L, 
1072819291L, -1182202196L, 634958010L, 677562991L, -1730947079L, 
-1537534322L, 111384412L, 314338253L, 1366428471L, -1308110400L, 
1405609630L, -1112805525L, -2110458131L, -378395814L, 964984856L, 
1981590913L, 167869235L, 868559188L, 2145082210L, 1891907575L, 
849885249L, -1734595386L, 146033156L, 407209397L, -330179937L, 
-633799944L, -1177137450L, 816847715L, 465163045L, 1446502594L, 
-1873580624L, -1250079271L, -1908380853L, -1291494980L, 1398847978L, 
-1700430305L, 200334505L, -1199160258L, 934452524L, -969324675L, 
689661383L, -1397423952L, -862748978L, 498844667L, 1514194013L, 
491346826L, -1851298904L, 2104174865L, -1768710141L, 1023845124L, 
101113650L, -1210417785L, -1119689775L, 1448672598L, -1995902156L, 
-1370378683L, 216971919L, -521145336L, -221028314L, -1081532205L, 
-1322773963L, 172552594L, 564327776L, -1757438775L, -234774533L, 
-1670029364L, 1230172762L, -786362545L, -1038467559L, -615695314L, 
687972924L, 1741660077L, -1960372137L, -1481998944L, 1348923134L, 
-306074165L, 89816013L, -838701318L, 391546168L, -1661440287L, 
573030803L, 1837836724L, 415496898L, -977433897L, 838548257L, 
940284646L, -1045029916L, 1354603285L, 356434751L, -267917608L, 
